2 8 6 8 2 2 6 2 
6 8 6.07402 7.05418 4.6357 4.11669 5.50132 2.82189 
2 8 4.46691 7.86674 4.79568 2.57556 3.88649 2.40834 
6 8 4.19858 8.50629 4.6357 4.11669 3.77096 2.10115 
2 8 3.35439 8.62791 3.71181 4.66762 1.05505 2.50313 
6 8 3.54417 8.25301 4.79568 2.57556 1.00357 2.29865 
2 8 3.76929 8.40762 6 2 1.73264 1.64123 
6 8 3.00381 7.69222 2 2 1.3941 2.26188 
2 8 2.7813 7.13956 4.6357 4.11669 1.73264 1.64123 
6 8 2.78697 7.39336 3.1888 2.82845 1.90071 1.41283 
2 8 3.78518 8.91267 2 2 1.05505 2.50313 
6 8 2 8 6 2 2 2 

