2 8 6 8 2 2 6 2 
6.70769 8.27724 3.61894 7.31181 1.90146 2.76467 5.00002 2.35257 
6 8 6 8 2.59769 2.98181 4.88074 3.25808 
2 8 3.61894 7.31181 3.41021 2.12747 3.69099 3.23003 
6 8 4.49942 7.5979 4.04652 1.36346 3.58541 5.34231 
2 8 6.67317 7.94674 3.96967 1.17107 4.01862 6.11636 
6 8 6 8 5.44568 1.81346 4.24708 6.19862 
2 8 2 8 6 2 4.2062 6.67152 
6 8 6 8 4.87517 2.7824 4.81827 6.64377 
2 8 2 8 4.04652 1.36346 1.25002 8.64719 
6 8 4.44307 6.33895 3.66195 1.90841 4.81827 6.64377 
2 8 3.61894 7.31181 2 2 4.49053 5.41534 
6 8 2 8 6 2 3.31449 2.64963 
2 8 6 8 2 2 1.91665 1.89883 
6 8 6.02403 7.26968 6 2 1.01821 2.59065 
2 8 6 8 6.00688 1.98964 1.19758 2.35214 
6 8 2 8 6 2 2 2 

