2 8 6 8 2 2 6 2 
6 8 3.05173 6.29753 1.8988 2.87786 5.24741 2.70327 
2 8 6 8 2 2 3.90954 2.5295 
6 8 3.05173 6.29753 4.78597 1.16694 3.40323 3.82978 
2 8 3.95932 2.62141 3.81818 1.93135 3.37494 4.35609 
6 8 4.70962 1.97702 4.58169 7.22582 3.0179 5.31682 
2 8 4.03452 4.98838 4.78892 6.42164 3.65315 5.59299 
6 8 4.70962 1.97702 4.86494 6.59787 3.71436 6.29655 
2 8 6.58173 2.7092 3.6531 4.11002 3.10527 6.86524 
6 8 6.65179 1.72127 2.81472 1.49117 3.11042 7.20837 
2 8 6.77552 2.50207 2 2 1.94333 7.46528 
6 8 6.58173 2.7092 1.8988 2.87786 1.7798 8.24265 
2 8 6.65179 1.72127 2.81472 1.49117 1.6355 8.80211 
6 8 2.56262 1.91116 2 2 1.2258 8.01349 
2 8 4.03452 4.98838 6 2 3.11013 6.94938 
6 8 3.95932 2.62141 2 2 3.0179 5.31682 
2 8 4.70962 1.97702 1.8988 2.87786 3.0959 5.46526 
6 8 3.80558 3.89071 2.81472 1.49117 3.27744 3.12536 
2 8 4.03452 4.98838 2 2 1.87635 2.08691 
6 8 3.05173 6.29753 6 2 2 2 

